||Please Choose An Option..........||
||1.Test Motors   || 2.Test Sensors||
||3.Test Camera   || 4.Take tImages||
||5.Auto Drive    || 6.Test NN     ||
||7.XML.store     || 8.Exit        ||
5
Processing available                           [10 x 10]
[100,  95, 101,  65,  60,  66,  50,  44,  46,  44,  38,  40,  41,  35,  37,  37,  33,  36,  29,  28,  29,  26,  26,  25,  18,  18,  19,  19,  16,  16;
 120, 110, 118,  68,  66,  73,  51,  44,  50,  45,  39,  42,  40,  37,  38,  37,  34,  35,  29,  28,  29,  22,  22,  23,  16,  16,  15,  14,  16,  18;
  86,  81,  88,  57,  54,  61,  50,  43,  49,  46,  40,  43,  41,  37,  40,  40,  34,  37,  29,  28,  29,  17,  17,  18,  14,  15,  21,  25,  18,  18;
  57,  52,  58,  50,  48,  53,  46,  42,  45,  46,  40,  43,  41,  37,  40,  36,  34,  37,  29,  29,  31,  19,  19,  21,  17,  22,  28,  19,  19,  20;
  43,  39,  42,  43,  39,  42,  43,  39,  42,  43,  37,  40,  38,  37,  38,  34,  33,  34,  24,  23,  24,  16,  17,  28,  15,  16,  21,  17,  17,  18;
  40,  36,  39,  40,  36,  39,  40,  36,  39,  40,  36,  39,  36,  35,  36,  34,  33,  34,  18,  19,  24,  20,  20,  19,  19,  19,  18,  17,  18,  17;
  31,  29,  32,  31,  30,  31,  34,  33,  34,  34,  32,  35,  34,  32,  35,  27,  27,  28,  38,  41,  47,  39,  40,  45,  17,  19,  21,  17,  18,  17;
  35,  30,  30,  30,  29,  30,  27,  27,  28,  26,  24,  27,  32,  29,  30,  24,  24,  25,  41,  45,  49,  40,  41,  46,  21,  21,  20,  17,  17,  16;
  28,  28,  27,  29,  29,  28,  22,  25,  24,  25,  25,  26,  24,  24,  25,  31,  31,  32,  42,  42,  43,  38,  40,  42,  17,  18,  17,  18,  18,  17;
  22,  21,  22,  19,  22,  21,  22,  23,  22,  20,  23,  23,  20,  21,  20,  34,  37,  37,  37,  40,  40,  38,  37,  38,  17,  18,  17,  16,  17,  16]
[100 x 3]
[100,  95, 101,  65,  60,  66,  50,  44,  46,  44,  38,  40,  41,  35,  37,  37,  33,  36,  29,  28,  29,  26,  26,  25,  18,  18,  19,  19,  16,  16, 120, 110, 118,  68,  66,  73,  51,  44,  50,  45,  39,  42,  40,  37,  38,  37,  34,  35,  29,  28,  29,  22,  22,  23,  16,  16,  15,  14,  16,  18,  86,  81,  88,  57,  54,  61,  50,  43,  49,  46,  40,  43,  41,  37,  40,  40,  34,  37,  29,  28,  29,  17,  17,  18,  14,  15,  21,  25,  18,  18,  57,  52,  58,  50,  48,  53,  46,  42,  45,  46;
  40,  43,  41,  37,  40,  36,  34,  37,  29,  29,  31,  19,  19,  21,  17,  22,  28,  19,  19,  20,  43,  39,  42,  43,  39,  42,  43,  39,  42,  43,  37,  40,  38,  37,  38,  34,  33,  34,  24,  23,  24,  16,  17,  28,  15,  16,  21,  17,  17,  18,  40,  36,  39,  40,  36,  39,  40,  36,  39,  40,  36,  39,  36,  35,  36,  34,  33,  34,  18,  19,  24,  20,  20,  19,  19,  19,  18,  17,  18,  17,  31,  29,  32,  31,  30,  31,  34,  33,  34,  34,  32,  35,  34,  32,  35,  27,  27,  28,  38,  41;
  47,  39,  40,  45,  17,  19,  21,  17,  18,  17,  35,  30,  30,  30,  29,  30,  27,  27,  28,  26,  24,  27,  32,  29,  30,  24,  24,  25,  41,  45,  49,  40,  41,  46,  21,  21,  20,  17,  17,  16,  28,  28,  27,  29,  29,  28,  22,  25,  24,  25,  25,  26,  24,  24,  25,  31,  31,  32,  42,  42,  43,  38,  40,  42,  17,  18,  17,  18,  18,  17,  22,  21,  22,  19,  22,  21,  22,  23,  22,  20,  23,  23,  20,  21,  20,  34,  37,  37,  37,  40,  40,  38,  37,  38,  17,  18,  17,  16,  17,  16]
[100 x 3]
[100, 95, 101, 65, 60, 66, 50, 44, 46, 44, 38, 40, 41, 35, 37, 37, 33, 36, 29, 28, 29, 26, 26, 25, 18, 18, 19, 19, 16, 16, 120, 110, 118, 68, 66, 73, 51, 44, 50, 45, 39, 42, 40, 37, 38, 37, 34, 35, 29, 28, 29, 22, 22, 23, 16, 16, 15, 14, 16, 18, 86, 81, 88, 57, 54, 61, 50, 43, 49, 46, 40, 43, 41, 37, 40, 40, 34, 37, 29, 28, 29, 17, 17, 18, 14, 15, 21, 25, 18, 18, 57, 52, 58, 50, 48, 53, 46, 42, 45, 46;
 40, 43, 41, 37, 40, 36, 34, 37, 29, 29, 31, 19, 19, 21, 17, 22, 28, 19, 19, 20, 43, 39, 42, 43, 39, 42, 43, 39, 42, 43, 37, 40, 38, 37, 38, 34, 33, 34, 24, 23, 24, 16, 17, 28, 15, 16, 21, 17, 17, 18, 40, 36, 39, 40, 36, 39, 40, 36, 39, 40, 36, 39, 36, 35, 36, 34, 33, 34, 18, 19, 24, 20, 20, 19, 19, 19, 18, 17, 18, 17, 31, 29, 32, 31, 30, 31, 34, 33, 34, 34, 32, 35, 34, 32, 35, 27, 27, 28, 38, 41;
 47, 39, 40, 45, 17, 19, 21, 17, 18, 17, 35, 30, 30, 30, 29, 30, 27, 27, 28, 26, 24, 27, 32, 29, 30, 24, 24, 25, 41, 45, 49, 40, 41, 46, 21, 21, 20, 17, 17, 16, 28, 28, 27, 29, 29, 28, 22, 25, 24, 25, 25, 26, 24, 24, 25, 31, 31, 32, 42, 42, 43, 38, 40, 42, 17, 18, 17, 18, 18, 17, 22, 21, 22, 19, 22, 21, 22, 23, 22, 20, 23, 23, 20, 21, 20, 34, 37, 37, 37, 40, 40, 38, 37, 38, 17, 18, 17, 16, 17, 16]
[-0.35529613, 0.22934033, 1.3583761;
 -0.32378328, -0.19913413, 1.3855898;
 -0.31806844, -0.23221605, 1.3858142]
Processing available                           [10 x 10]
[ 60,  58,  63,  51,  45,  48,  46,  39,  39,  41,  35,  38,  37,  33,  36,  31,  29,  32,  26,  26,  27,  22,  22,  21,  19,  19,  20,  16,  19,  18;
  86,  80,  90,  60,  54,  57,  43,  39,  42,  47,  37,  41,  36,  34,  37,  32,  30,  33,  26,  24,  27,  16,  16,  15,  18,  18,  19,  19,  18,  19;
  84,  83,  94,  59,  54,  61,  50,  41,  45,  45,  39,  41,  40,  36,  39,  36,  32,  35,  25,  25,  26,  15,  16,  21,  18,  18,  19,  17,  17,  18;
  71,  65,  75,  54,  49,  55,  46,  42,  45,  45,  39,  42,  41,  37,  40,  37,  33,  36,  25,  27,  29,  18,  23,  29,  17,  20,  20,  18,  18,  19;
  49,  46,  53,  46,  41,  47,  43,  39,  42,  43,  37,  40,  40,  37,  38,  33,  31,  34,  14,  16,  18,  18,  20,  29,  17,  17,  18,  17,  17,  18;
  41,  39,  42,  40,  38,  41,  41,  37,  40,  40,  36,  39,  38,  35,  36,  36,  32,  35,  19,  22,  28,  17,  19,  21,  17,  17,  18,  17,  17,  18;
  37,  34,  35,  39,  35,  38,  36,  34,  37,  36,  35,  36,  34,  34,  35,  32,  31,  32,  31,  35,  39,  18,  18,  19,  18,  18,  19,  17,  17,  18;
  27,  27,  28,  29,  28,  29,  26,  26,  27,  33,  32,  33,  34,  31,  32,  25,  25,  27,  37,  40,  46,  17,  17,  18,  16,  17,  16,  18,  18,  19;
  29,  28,  29,  30,  30,  29,  25,  28,  28,  27,  26,  27,  25,  25,  26,  18,  21,  21,  38,  39,  44,  17,  17,  18,  17,  17,  18,  25,  25,  26;
  27,  26,  27,  28,  27,  28,  23,  24,  23,  23,  23,  24,  23,  23,  24,  21,  24,  24,  34,  36,  38,  16,  17,  16,  17,  18,  17,  33,  35,  31]
[100 x 3]
[ 60,  58,  63,  51,  45,  48,  46,  39,  39,  41,  35,  38,  37,  33,  36,  31,  29,  32,  26,  26,  27,  22,  22,  21,  19,  19,  20,  16,  19,  18,  86,  80,  90,  60,  54,  57,  43,  39,  42,  47,  37,  41,  36,  34,  37,  32,  30,  33,  26,  24,  27,  16,  16,  15,  18,  18,  19,  19,  18,  19,  84,  83,  94,  59,  54,  61,  50,  41,  45,  45,  39,  41,  40,  36,  39,  36,  32,  35,  25,  25,  26,  15,  16,  21,  18,  18,  19,  17,  17,  18,  71,  65,  75,  54,  49,  55,  46,  42,  45,  45;
  39,  42,  41,  37,  40,  37,  33,  36,  25,  27,  29,  18,  23,  29,  17,  20,  20,  18,  18,  19,  49,  46,  53,  46,  41,  47,  43,  39,  42,  43,  37,  40,  40,  37,  38,  33,  31,  34,  14,  16,  18,  18,  20,  29,  17,  17,  18,  17,  17,  18,  41,  39,  42,  40,  38,  41,  41,  37,  40,  40,  36,  39,  38,  35,  36,  36,  32,  35,  19,  22,  28,  17,  19,  21,  17,  17,  18,  17,  17,  18,  37,  34,  35,  39,  35,  38,  36,  34,  37,  36,  35,  36,  34,  34,  35,  32,  31,  32,  31,  35;
  39,  18,  18,  19,  18,  18,  19,  17,  17,  18,  27,  27,  28,  29,  28,  29,  26,  26,  27,  33,  32,  33,  34,  31,  32,  25,  25,  27,  37,  40,  46,  17,  17,  18,  16,  17,  16,  18,  18,  19,  29,  28,  29,  30,  30,  29,  25,  28,  28,  27,  26,  27,  25,  25,  26,  18,  21,  21,  38,  39,  44,  17,  17,  18,  17,  17,  18,  25,  25,  26,  27,  26,  27,  28,  27,  28,  23,  24,  23,  23,  23,  24,  23,  23,  24,  21,  24,  24,  34,  36,  38,  16,  17,  16,  17,  18,  17,  33,  35,  31]
[100 x 3]
[60, 58, 63, 51, 45, 48, 46, 39, 39, 41, 35, 38, 37, 33, 36, 31, 29, 32, 26, 26, 27, 22, 22, 21, 19, 19, 20, 16, 19, 18, 86, 80, 90, 60, 54, 57, 43, 39, 42, 47, 37, 41, 36, 34, 37, 32, 30, 33, 26, 24, 27, 16, 16, 15, 18, 18, 19, 19, 18, 19, 84, 83, 94, 59, 54, 61, 50, 41, 45, 45, 39, 41, 40, 36, 39, 36, 32, 35, 25, 25, 26, 15, 16, 21, 18, 18, 19, 17, 17, 18, 71, 65, 75, 54, 49, 55, 46, 42, 45, 45;
 39, 42, 41, 37, 40, 37, 33, 36, 25, 27, 29, 18, 23, 29, 17, 20, 20, 18, 18, 19, 49, 46, 53, 46, 41, 47, 43, 39, 42, 43, 37, 40, 40, 37, 38, 33, 31, 34, 14, 16, 18, 18, 20, 29, 17, 17, 18, 17, 17, 18, 41, 39, 42, 40, 38, 41, 41, 37, 40, 40, 36, 39, 38, 35, 36, 36, 32, 35, 19, 22, 28, 17, 19, 21, 17, 17, 18, 17, 17, 18, 37, 34, 35, 39, 35, 38, 36, 34, 37, 36, 35, 36, 34, 34, 35, 32, 31, 32, 31, 35;
 39, 18, 18, 19, 18, 18, 19, 17, 17, 18, 27, 27, 28, 29, 28, 29, 26, 26, 27, 33, 32, 33, 34, 31, 32, 25, 25, 27, 37, 40, 46, 17, 17, 18, 16, 17, 16, 18, 18, 19, 29, 28, 29, 30, 30, 29, 25, 28, 28, 27, 26, 27, 25, 25, 26, 18, 21, 21, 38, 39, 44, 17, 17, 18, 17, 17, 18, 25, 25, 26, 27, 26, 27, 28, 27, 28, 23, 24, 23, 23, 23, 24, 23, 23, 24, 21, 24, 24, 34, 36, 38, 16, 17, 16, 17, 18, 17, 33, 35, 31]
[-0.3531622, 0.19670926, 1.3617585;
 -0.32141474, -0.20142186, 1.3860847;
 -0.27932531, -0.27369118, 1.3853432]
Processing available              
